Temperature    Energy         Energy2        Magnetization  Magnetization2 Heat Capacity  Susceptibility 
1              -2             4              1              1              0              0              
1.01           -1.9777778     3.9555556      0.99222222     0.99055556     0.17233847     0.023962841    
1.02           -2             4              1              1              0              0              
1.03           -2             4              1              1              0              0              
1.04           -1.9911111     3.9822222      0.99777778     0.99666667     0.065454014    0.0042545109   
1.05           -1.9777778     3.9555556      0.99222222     0.99055556     0.15945802     0.023049971    
1.06           -2             4              1              1              0              0              
1.07           -1.9644444     3.9288889      0.99           0.98611111     0.244028       0.022471443    
1.08           -1.9955556     3.9911111      0.99888889     0.99833333     0.030415418    0.0020530407   
1.09           -2             4              1              1              0              0              
1.1            -1.9955556     3.9911111      0.99777778     0.99777778     0.029319457    0.0080628507   
1.11           -1.9955556     3.9911111      0.99888889     0.99833333     0.028793558    0.0019975531   
1.12           -1.9955556     3.9911111      0.99777778     0.99777778     0.028281683    0.0079188713   
1.13           -1.9955556     3.9911111      0.99888889     0.99833333     0.027783337    0.0019621982   
1.14           -1.9955556     3.9911111      0.99888889     0.99833333     0.027298048    0.0019449859   
1.15           -1.9822222     3.9644444      0.99444444     0.99277778     0.10658452     0.013419216    
1.16           -1.9866667     3.9733333      0.99555556     0.99444444     0.078742238    0.011426139    
1.17           -1.9911111     3.9822222      0.99777778     0.99666667     0.051716752    0.0037817875   
1.18           -2             4              1              1              0              0              
1.19           -2             4              1              1              0              0              
1.2            -1.9822222     3.9644444      0.99444444     0.99277778     0.097887517    0.012860082    
1.21           -1.9777778     3.9555556      0.99333333     0.99111111     0.12007545     0.014545455    
1.22           -1.9911111     3.9822222      0.99777778     0.99666667     0.04756454     0.0036267962   
1.23           -1.9777778     3.9555556      0.99444444     0.99166667     0.11620231     0.0089330523   
1.24           -1.9911111     3.9822222      0.99777778     0.99666667     0.046042574    0.0035682995   
1.25           -1.9777778     3.9555556      0.99333333     0.99111111     0.11251358     0.01408        
1.26           -1.9777778     3.9555556      0.99222222     0.99055556     0.11073474     0.019208309    
1.27           -1.9555556     3.9111111      0.98333333     0.98055556     0.21554611     0.042869641    
1.28           -1.9911111     3.9822222      0.99777778     0.99666667     0.043209877    0.0034567901   
1.29           -1.9955556     3.9911111      0.99888889     0.99833333     0.021318757    0.0017188248   
1.3            -1.9466667     3.8933333      0.98555556     0.97944444     0.24573307     0.02499905     
1.31           -2             4              1              1              0              0              
1.32           -1.9911111     3.9822222      0.99777778     0.99666667     0.040630775    0.0033520389   
1.33           -1.9688889     3.9377778      0.98888889     0.98666667     0.13851393     0.026362202    
1.34           -1.9688889     3.9377778      0.99111111     0.98777778     0.13645427     0.01634789     
1.35           -1.9822222     3.9644444      0.99444444     0.99277778     0.077343223    0.011431184    
1.36           -1.8888889     3.7777778      0.96111111     0.95277778     0.45388526     0.085421206    
1.37           -1.9822222     3.9644444      0.99555556     0.99333333     0.07510151     0.0064305668   
1.38           -1.9777778     3.9555556      0.99333333     0.99111111     0.092313836    0.012753623    
1.39           -1.9911111     3.9822222      0.99666667     0.99611111     0.03664151     0.0079616307   
1.4            -1.9288889     3.8577778      0.97555556     0.97           0.27992945     0.052261023    
1.41           -1.9911111     3.9822222      0.99777778     0.99666667     0.035609407    0.003138079    
1.42           -1.9688889     3.9377778      0.98777778     0.98611111     0.12151224     0.029313163    
1.43           -1.9955556     3.9911111      0.99888889     0.99833333     0.017348791    0.0015505482   
1.44           -1.9333333     3.8666667      0.98           0.97333333     0.24862826     0.035925926    
1.45           -1.9866667     3.9733333      0.99555556     0.99444444     0.050395032    0.009140911    
1.46           -1.9333333     3.8666667      0.97666667     0.97166667     0.24186318     0.048736682    
1.47           -1.9422222     3.8844444      0.98222222     0.97666667     0.20772323     0.032397749    
1.48           -1.96          3.92           0.98777778     0.98388889     0.1431702      0.022118785    
1.49           -1.9288889     3.8577778      0.97444444     0.96944444     0.24713379     0.053429447    
1.5            -1.9244444     3.8488889      0.97444444     0.96833333     0.25849328     0.050110288    
1.51           -1.96          3.92           0.98444444     0.98222222     0.13753783     0.034679094    
1.52           -1.92          3.84           0.97333333     0.96666667     0.26592798     0.050760234    
1.53           -1.8844444     3.7688889      0.95888889     0.95055556     0.37209283     0.081274913    
1.54           -1.9466667     3.8933333      0.98444444     0.97888889     0.17510916     0.025345519    
1.55           -1.9422222     3.8844444      0.97777778     0.97444444     0.18683419     0.047471127    
1.56           -1.9644444     3.9288889      0.98333333     0.98277778     0.11480426     0.040598291    
1.57           -1.8711111     3.7422222      0.95666667     0.94611111     0.39135938     0.078726115    
1.58           -1.9511111     3.9022222      0.98555556     0.98055556     0.15284034     0.023381778    
1.59           -1.9333333     3.8666667      0.97888889     0.97277778     0.20393005     0.036614644    
1.6            -1.96          3.92           0.98555556     0.98277778     0.1225         0.028645062    
1.61           -1.9288889     3.8577778      0.97444444     0.96944444     0.21166688     0.049447128    
1.62           -1.92          3.84           0.97555556     0.96777778     0.23411065     0.039676879    
1.63           -1.9155556     3.8311111      0.97555556     0.96666667     0.24352896     0.036706809    
1.64           -1.9288889     3.8577778      0.97777778     0.97111111     0.2039938      0.036735923    
1.65           -1.8977778     3.7955556      0.96777778     0.95833333     0.28502488     0.052701833    
1.66           -1.96          3.92           0.98777778     0.98388889     0.11380462     0.019720363    
1.67           -1.9333333     3.8666667      0.98111111     0.97388889     0.18485982     0.027089525    
1.68           -1.9466667     3.8933333      0.98333333     0.97833333     0.14714034     0.027116402    
1.69           -1.8311111     3.6622222      0.94888889     0.93222222     0.43311414     0.075342246    
1.7            -1.9466667     3.8933333      0.98333333     0.97833333     0.14369858     0.026797386    
1.71           -1.9244444     3.8488889      0.97222222     0.96722222     0.19890218     0.051476428    
1.72           -1.8666667     3.7333333      0.95555556     0.94444444     0.33651824     0.072925639    
1.73           -1.9333333     3.8666667      0.97444444     0.97055556     0.17225953     0.048586313    
1.74           -1.8755556     3.7688889      0.95888889     0.94944444     0.33185394     0.068911594    
1.75           -1.7822222     3.5644444      0.92555556     0.90833333     0.50694321     0.11812628     
1.76           -1.8355556     3.6711111      0.94444444     0.93111111     0.38978165     0.088945006    
1.77           -1.84          3.68           0.94555556     0.93277778     0.37588177     0.087463207    
1.78           -1.8577778     3.7155556      0.95111111     0.94           0.33356556     0.079522819    
1.79           -1.8355556     3.6711111      0.94888889     0.93333333     0.37682583     0.073616111    
1.8            -1.8266667     3.6533333      0.94           0.92666667     0.39089163     0.095703704    
1.81           -1.8133333     3.6444444      0.94222222     0.92555556     0.43498876     0.083475888    
1.82           -1.8755556     3.7511111      0.95777778     0.94777778     0.281853       0.066900014    
1.83           -1.9066667     3.8133333      0.96666667     0.96           0.21255404     0.055859138    
1.84           -1.8844444     3.7866667      0.95555556     0.95           0.27827954     0.080246914    
1.85           -1.7333333     3.4666667      0.91777778     0.89222222     0.54021589     0.10790524     
1.86           -1.8577778     3.7155556      0.95333333     0.94111111     0.30548882     0.069390681    
1.87           -1.8311111     3.6622222      0.94111111     0.92833333     0.35374683     0.091215422    
1.88           -1.8266667     3.6533333      0.94222222     0.92777778     0.35833208     0.085095876    
1.89           -1.7822222     3.5644444      0.92111111     0.90611111     0.43462209     0.12204324     
1.9            -1.7511111     3.5022222      0.91666667     0.89611111     0.48291645     0.11754386     
1.91           -1.8355556     3.6711111      0.93888889     0.92833333     0.33096342     0.098054424    
1.92           -1.8044444     3.6088889      0.93888889     0.92055556     0.38288752     0.081340021    
1.93           -1.7644444     3.5466667      0.91888889     0.90166667     0.46541112     0.11877695     
1.94           -1.8577778     3.7155556      0.95444444     0.94166667     0.28081335     0.06330406     
1.95           -1.8177778     3.6355556      0.93777778     0.92333333     0.34844392     0.090063944    
1.96           -1.8177778     3.6355556      0.94333333     0.92611111     0.34489744     0.073945578    
1.97           -1.8444444     3.6888889      0.94888889     0.93555556     0.2957186      0.071401893    
1.98           -1.7466667     3.4933333      0.92222222     0.89777778     0.45147321     0.095523133    
1.99           -1.7955556     3.5911111      0.93777778     0.91777778     0.37078999     0.077086668    
2              -1.8533333     3.7066667      0.95666667     0.94166667     0.27182222     0.052911111    
2.01           -1.8044444     3.6088889      0.93555556     0.91888889     0.34936673     0.086815306    
2.02           -1.7733333     3.5466667      0.92222222     0.90444444     0.39403544     0.10683291     
2.03           -1.7555556     3.5111111      0.91222222     0.895          0.41654571     0.12384358     
2.04           -1.76          3.52           0.91777778     0.89888889     0.40599769     0.11092714     
2.05           -1.8266667     3.6533333      0.94111111     0.92722222     0.30136559     0.081038241    
2.06           -1.6755556     3.3688889      0.89222222     0.86611111     0.52917567     0.13602062     
2.07           -1.7511111     3.5022222      0.91           0.89277778     0.40685393     0.12498121     
2.08           -1.8           3.6            0.93111111     0.91555556     0.33284024     0.093437797    
2.09           -1.7466667     3.4933333      0.91555556     0.89444444     0.40520033     0.10756453     
2.1            -1.8133333     3.6266667      0.94           0.92333333     0.3070194      0.07568254     
2.11           -1.7955556     3.6266667      0.92444444     0.91333333     0.36175909     0.11134749     
2.12           -1.7822222     3.5644444      0.93           0.91055556     0.34543289     0.086142558    
2.13           -1.8266667     3.6533333      0.93888889     0.92611111     0.27915292     0.08375355     
2.14           -1.8488889     3.6977778      0.95222222     0.93833333     0.244028       0.059076959    
2.15           -1.7111111     3.4222222      0.90555556     0.88055556     0.42775207     0.11260408     
2.16           -1.7688889     3.5555556      0.93111111     0.90888889     0.36573016     0.077631459    
2.17           -1.7155556     3.4311111      0.89666667     0.87722222     0.4145174      0.13495136     
2.18           -1.7333333     3.4666667      0.91           0.88833333     0.3890432      0.11051988     
2.19           -1.7377778     3.4755556      0.91333333     0.89111111     0.38004541     0.10398782     
2.2            -1.7466667     3.5111111      0.92111111     0.89833333     0.38038567     0.090704826    
2.21           -1.8666667     3.7333333      0.95666667     0.945          0.20383603     0.053916541    
2.22           -1.7155556     3.4311111      0.90222222     0.88           0.39605572     0.11891002     
2.23           -1.7644444     3.5288889      0.92222222     0.90222222     0.33431172     0.092786359    
2.24           -1.6577778     3.3155556      0.88666667     0.85777778     0.45227072     0.12785714     
2.25           -1.6977778     3.3955556      0.89888889     0.87388889     0.40541722     0.11713361     
2.26           -1.7288889     3.4577778      0.91           0.88722222     0.36707729     0.1046411      
2.27           -1.7333333     3.4666667      0.91           0.88833333     0.35880551     0.10613803     
2.28           -1.6266667     3.2711111      0.86666667     0.84111111     0.4809685      0.15789474     
2.29           -1.6444444     3.3066667      0.88444444     0.85444444     0.45954054     0.12611785     
2.3            -1.64          3.28           0.87888889     0.84944444     0.44642722     0.1339109      
2.31           -1.6977778     3.3955556      0.90111111     0.875          0.3846301      0.10908877     
2.32           -1.7511111     3.5022222      0.91666667     0.89611111     0.32389425     0.096264368    
2.33           -1.7466667     3.4933333      0.90888889     0.89111111     0.32602471     0.11164309     
2.34           -1.6533333     3.3422222      0.88222222     0.85666667     0.44467172     0.13393268     
2.35           -1.6622222     3.36           0.88777778     0.86166667     0.43242538     0.1251358      
2.36           -1.6355556     3.2711111      0.87888889     0.84833333     0.42808757     0.12862314     
2.37           -1.6266667     3.2533333      0.88555556     0.84944444     0.43247264     0.11010262     
2.38           -1.7644444     3.5288889      0.92888889     0.90555556     0.29349953     0.071799979    
2.39           -1.6533333     3.3066667      0.88444444     0.85555556     0.40136241     0.12270055     
2.4            -1.5733333     3.1466667      0.85555556     0.82111111     0.46617284     0.14855967     
2.41           -1.6711111     3.3422222      0.88666667     0.86111111     0.37851268     0.12437068     
2.42           -1.6266667     3.2533333      0.87           0.84166667     0.41478648     0.14011019     
2.43           -1.6444444     3.2888889      0.89           0.85611111     0.39607198     0.10536808     
2.44           -1.5822222     3.1822222      0.86777778     0.83055556     0.45605688     0.12707751     
2.45           -1.68          3.3777778      0.89555556     0.86888889     0.37009764     0.1091741      
2.46           -1.6977778     3.3955556      0.89555556     0.87222222     0.33915406     0.11415036     
2.47           -1.6044444     3.2622222      0.86           0.83444444     0.45106804     0.15359424     
2.48           -1.5244444     3.0488889      0.85333333     0.80777778     0.47148675     0.1283871      
2.49           -1.5555556     3.1111111      0.86           0.81888889     0.44603024     0.12737171     
2.5            -1.5733333     3.1644444      0.86666667     0.82777778     0.44100267     0.12266667     
2.51           -1.6533333     3.3066667      0.88222222     0.85444444     0.36390251     0.12132015     
2.52           -1.6444444     3.2888889      0.88444444     0.85333333     0.36828632     0.11284343     
2.53           -1.5733333     3.1466667      0.85777778     0.82222222     0.41949656     0.13666325     
2.54           -1.5155556     3.0488889      0.83888889     0.79944444     0.46622869     0.15072422     
2.55           -1.5511111     3.1022222      0.85222222     0.81388889     0.42831314     0.13742145     
2.56           -1.5644444     3.1466667      0.85888889     0.82166667     0.42674576     0.13121335     
2.57           -1.5911111     3.1822222      0.86333333     0.82944444     0.39400303     0.13089494     
2.58           -1.6266667     3.2711111      0.86777778     0.84166667     0.37561845     0.13740836     
2.59           -1.6133333     3.2266667      0.87555556     0.84111111     0.37198147     0.11507889     
2.6            -1.5022222     3.0044444      0.83444444     0.79277778     0.44246914     0.14843115     
2.61           -1.5066667     3.0133333      0.82555556     0.78944444     0.43645213     0.16536777     
2.62           -1.4844444     2.9866667      0.83111111     0.78777778     0.45632035     0.14814061     
2.63           -1.5111111     3.04           0.83666667     0.79722222     0.43750421     0.1478496      
2.64           -1.4444444     2.9244444      0.80888889     0.76777778     0.48095999     0.17193416     
2.65           -1.5777778     3.1555556      0.85888889     0.82388889     0.37945053     0.13011134     
2.66           -1.52          3.0577778      0.84555556     0.80388889     0.42250991     0.13372134     
2.67           -1.5466667     3.0933333      0.85111111     0.81222222     0.39341585     0.13158367     
2.68           -1.5377778     3.1111111      0.85           0.81166667     0.41565528     0.13308458     
2.69           -1.6           3.2177778      0.87444444     0.83833333     0.363609       0.10956171     
2.7            -1.5688889     3.1377778      0.85888889     0.82166667     0.37111958     0.12440969     
2.71           -1.4755556     2.9688889      0.82666667     0.78333333     0.43116226     0.14753588     
2.72           -1.6311111     3.2622222      0.88888889     0.85222222     0.32531291     0.091321714    
2.73           -1.4844444     2.9866667      0.83222222     0.78833333     0.42028813     0.14027766     
2.74           -1.4711111     2.9777778      0.81555556     0.77777778     0.433486       0.16444805     
2.75           -1.5511111     3.1022222      0.85888889     0.81722222     0.3682785      0.11568305     
2.76           -1.5066667     3.0844444      0.85222222     0.80722222     0.42764125     0.11730363     
2.77           -1.5555556     3.1111111      0.84333333     0.81055556     0.3604155      0.14345768     
2.78           -1.4622222     2.9244444      0.83333333     0.78222222     0.40699271     0.12629896     
2.79           -1.4888889     3.0133333      0.83666667     0.79277778     0.40931808     0.13299881     
2.8            -1.4222222     2.8622222      0.81222222     0.76277778     0.42831948     0.14724691     
2.81           -1.4266667     2.8888889      0.80888889     0.76333333     0.43237097     0.15520583     
2.82           -1.5377778     3.0755556      0.84888889     0.80888889     0.3575248      0.12521495     
2.83           -1.4844444     2.9866667      0.82777778     0.78611111     0.39111057     0.14260786     
2.84           -1.44          2.88           0.80333333     0.76166667     0.39992065     0.16383412     
2.85           -1.5066667     3.0311111      0.83777778     0.79666667     0.3747943      0.1330457      
2.86           -1.4355556     2.8888889      0.81           0.765          0.40494358     0.15230769     
2.87           -1.48          2.9777778      0.82777778     0.785          0.38236607     0.13907171     
2.88           -1.4088889     2.8177778      0.80111111     0.75277778     0.40162513     0.15416495     
2.89           -1.44          2.8977778      0.82555556     0.77388889     0.39471643     0.1278158      
2.9            -1.48          2.96           0.82666667     0.78333333     0.36604043     0.13786973     
2.91           -1.5244444     3.0844444      0.83555556     0.80111111     0.35923694     0.14152306     
2.92           -1.4266667     2.8533333      0.82111111     0.76722222     0.38372845     0.12739557     
2.93           -1.4444444     2.9244444      0.81444444     0.77055556     0.39046451     0.146397       
2.94           -1.32          2.6933333      0.77111111     0.71888889     0.44006355     0.16908373     
2.95           -1.4444444     2.8888889      0.81222222     0.76722222     0.36884534     0.14578615     
2.96           -1.2622222     2.5777778      0.75555556     0.69666667     0.44949454     0.17000334     
2.97           -1.3377778     2.7288889      0.77888889     0.72722222     0.4259155      0.16236272     
2.98           -1.2977778     2.6311111      0.76888889     0.71111111     0.42650509     0.16096777     
2.99           -1.4177778     2.8355556      0.81444444     0.76166667     0.36932998     0.13156778     
3              -1.5288889     3.0577778      0.83777778     0.80111111     0.32012291     0.13231934     
3.01           -1.3511111     2.7555556      0.78666667     0.73444444     0.41061548     0.15362126     
3.02           -1.4444444     2.9066667      0.81333333     0.76888889     0.35974164     0.14222222     
3.03           -1.3911111     2.8177778      0.80666667     0.75333333     0.38453208     0.13547488     
3.04           -1.2666667     2.5688889      0.74111111     0.68944444     0.41743613     0.18447206     
3.05           -1.2622222     2.5244444      0.76222222     0.69666667     0.40042548     0.15171666     
3.06           -1.3377778     2.6755556      0.78444444     0.72666667     0.37844683     0.14550795     
3.07           -1.2622222     2.6666667      0.75           0.69944444     0.45558541     0.17842924     
3.08           -1.3555556     2.7644444      0.79111111     0.73777778     0.39083892     0.14535193     
3.09           -1.3822222     2.8            0.79           0.74277778     0.37262355     0.15362819     
3.1            -1.3155556     2.6488889      0.77444444     0.71722222     0.38218625     0.15155874     
3.11           -1.4311111     2.8622222      0.81111111     0.76333333     0.3366976      0.13560399     
3.12           -1.3377778     2.7111111      0.77555556     0.72444444     0.37864141     0.15763849     
3.13           -1.4266667     2.8711111      0.80666667     0.76111111     0.34122358     0.14108626     
3.14           -1.4133333     2.8266667      0.80444444     0.75555556     0.33638507     0.13812063     
3.15           -1.3644444     2.8            0.79444444     0.74277778     0.37824796     0.14175975     
3.16           -1.2755556     2.5866667      0.75777778     0.7            0.38440342     0.15920613     
3.17           -1.2666667     2.5688889      0.76           0.69888889     0.3839005      0.15304592     
3.18           -1.2088889     2.4711111      0.72444444     0.66777778     0.39939036     0.17982141     
3.19           -1.3955556     2.8444444      0.79888889     0.75166667     0.35253943     0.14224854     
3.2            -1.3733333     2.8177778      0.80333333     0.74944444     0.36395833     0.130125       
3.21           -1.28          2.5955556      0.75           0.69722222     0.37156299     0.16787816     
3.22           -1.2711111     2.5955556      0.75888889     0.70055556     0.37800706     0.15483629     
3.23           -1.4044444     2.8266667      0.80333333     0.75388889     0.32750337     0.13442036     
3.24           -1.4711111     2.9422222      0.81888889     0.77722222     0.29646941     0.13165828     
3.25           -1.3688889     2.8266667      0.80777778     0.75166667     0.36082741     0.1220452      
3.26           -1.3377778     2.7288889      0.77666667     0.72611111     0.35350954     0.15079755     
3.27           -1.3644444     2.7288889      0.79111111     0.73666667     0.32439478     0.13554725     
3.28           -1.3866667     2.7733333      0.79888889     0.74611111     0.31621389     0.13157031     
3.29           -1.2977778     2.6488889      0.75777778     0.70666667     0.35648663     0.16102068     
3.3            -1.3466667     2.7111111      0.78           0.72777778     0.32969697     0.14470034     
3.31           -1.3066667     2.6488889      0.77           0.71388889     0.34373951     0.14621014     
3.32           -1.3466667     2.7644444      0.78888889     0.73555556     0.34509121     0.13639744     
3.33           -1.2488889     2.5333333      0.76           0.69444444     0.35120161     0.14035369     
3.34           -1.2088889     2.4533333      0.74666667     0.67777778     0.35566746     0.14403194     
3.35           -1.2933333     2.6577778      0.77888889     0.71722222     0.35110418     0.13200516     
3.36           -1.2           2.4355556      0.72444444     0.66444444     0.35273369     0.16621987     
3.37           -1.3111111     2.7288889      0.78111111     0.725          0.35568739     0.13633879     
3.38           -1.3333333     2.6844444      0.78           0.72444444     0.3174492      0.1373307      
3.39           -1.1244444     2.3377778      0.71222222     0.64277778     0.37361404     0.1599024      
3.4            -1.1955556     2.4622222      0.73           0.66833333     0.35739416     0.15933333     
3.41           -1.2488889     2.5511111      0.74777778     0.68944444     0.34103169     0.15281271     
3.42           -1.24          2.5155556      0.74333333     0.68388889     0.33444669     0.15361923     
3.43           -1.2444444     2.5244444      0.74444444     0.68555556     0.33176737     0.1531872      
3.44           -1.2622222     2.56           0.75888889     0.69722222     0.3267966      0.141058       
3.45           -1.32          2.6933333      0.78444444     0.72555556     0.31957432     0.12777098     
3.46           -1.3111111     2.6577778      0.76111111     0.71055556     0.31366415     0.15175194     
3.47           -1.2044444     2.4622222      0.73666667     0.67277778     0.33603329     0.14997118     
3.48           -1.2088889     2.4888889      0.73777778     0.67555556     0.33936998     0.15085001     
3.49           -1.1244444     2.3911111      0.72444444     0.65222222     0.37002514     0.14602002     
3.5            -1.3066667     2.6666667      0.77444444     0.71722222     0.31323719     0.13423774     
3.51           -1.28          2.6133333      0.76           0.70333333     0.31653423     0.14328585     
3.52           -1.2533333     2.6311111      0.76111111     0.70166667     0.3422865      0.13906425     
3.53           -1.32          2.64           0.76111111     0.71055556     0.28813328     0.1487427      
3.54           -1.2622222     2.5244444      0.75           0.69055556     0.29724521     0.14469554     
3.55           -1.1333333     2.3022222      0.72111111     0.64611111     0.32303996     0.14209564     
3.56           -1.1688889     2.4266667      0.74777778     0.67166667     0.33466905     0.12639895     
3.57           -1.3066667     2.6666667      0.77333333     0.71666667     0.30107381     0.13291005     
3.58           -1.16          2.4088889      0.71333333     0.65222222     0.33185259     0.16019863     
3.59           -1.1377778     2.3111111      0.71888889     0.64611111     0.31550743     0.14407786     
3.6            -1.0577778     2.1688889      0.69888889     0.61722222     0.32407255     0.14308505     
3.61           -1.16          2.3555556      0.72666667     0.65555556     0.30999012     0.14128655     
3.62           -1.1155556     2.2844444      0.72222222     0.64333333     0.3174446      0.13450651     
3.63           -1.1111111     2.3111111      0.70555556     0.63611111     0.32679711     0.15239942     
3.64           -1.2044444     2.4444444      0.72888889     0.66777778     0.30001148     0.14999864     
3.65           -1.1511111     2.4088889      0.71666667     0.65277778     0.32541403     0.15251142     
3.66           -1.08          2.2133333      0.67111111     0.60888889     0.31262006     0.17322269     
3.67           -1.32          2.6933333      0.78           0.72333333     0.28240861     0.12526794     
3.68           -1.2311111     2.4977778      0.74555556     0.68277778     0.29009428     0.13796162     
3.69           -1.1511111     2.3555556      0.72666667     0.65444444     0.30272949     0.13701897     
3.7            -1.1911111     2.4355556      0.72777778     0.665          0.29709565     0.14631298     
3.71           -1.0844444     2.2577778      0.71555556     0.63444444     0.31437087     0.13199428     
3.72           -1.1244444     2.2666667      0.70666667     0.63555556     0.28971308     0.14642772     
3.73           -1.2311111     2.5688889      0.74333333     0.68611111     0.30281374     0.14323503     
3.74           -1.1955556     2.48           0.72666667     0.66777778     0.30045095     0.14944742     
3.75           -1.1822222     2.3644444      0.71444444     0.65277778     0.27499948     0.15183671     
3.76           -1.1333333     2.3022222      0.71111111     0.64111111     0.28796338     0.1440767      
3.77           -1.1422222     2.32           0.70555556     0.64055556     0.28574841     0.15145561     
3.78           -1.1422222     2.3733333      0.72666667     0.65444444     0.29916904     0.13375661     
3.79           -1.0844444     2.2044444      0.69333333     0.62           0.28638751     0.14700674     
3.8            -1.2222222     2.48           0.75333333     0.68444444     0.27317807     0.12308772     
3.81           -1.2177778     2.4888889      0.74222222     0.67888889     0.27718359     0.13437802     
3.82           -1.2266667     2.4888889      0.74444444     0.68111111     0.26977818     0.1328938      
3.83           -1.1822222     2.5422222      0.73888889     0.67611111     0.3121087      0.13593141     
3.84           -1.16          2.3555556      0.72333333     0.65388889     0.27396798     0.13612269     
3.85           -1.0933333     2.2577778      0.71           0.63277778     0.28669927     0.1336912      
3.86           -1.2577778     2.5688889      0.74666667     0.69111111     0.2649424      0.1384456      
3.87           -0.94222222    1.9733333      0.64           0.56111111     0.28992665     0.15660063     
3.88           -1.1111111     2.2933333      0.69777778     0.63111111     0.2813172      0.14867761     
3.89           -1.0222222     2.1688889      0.67888889     0.60277778     0.29710367     0.1458999      
3.9            -1.1066667     2.2844444      0.70222222     0.63222222     0.27869384     0.142673       
3.91           -1.0311111     2.08           0.66555556     0.59166667     0.26603957     0.15212529     
3.92           -1.1955556     2.4444444      0.74666667     0.67555556     0.26423661     0.12045351     
3.93           -1.1066667     2.2844444      0.70111111     0.63166667     0.27445521     0.14260547     
3.94           -1.0666667     2.2222222      0.68888889     0.61666667     0.27943117     0.14426271     
3.95           -1.0755556     2.2755556      0.70888889     0.63111111     0.28680937     0.13021535     
3.96           -1.1555556     2.3822222      0.72777778     0.65722222     0.26704254     0.12885023     
3.97           -1.0222222     2.1688889      0.67444444     0.60055556     0.28525036     0.14678111     
3.98           -1.0933333     2.3288889      0.71222222     0.63833333     0.28623295     0.1317315      
3.99           -1.0844444     2.2933333      0.70444444     0.63111111     0.28073029     0.13520715     
4              -1.0755556     2.1511111      0.7            0.61888889     0.24857284     0.12888889     
4.01           -1.0755556     2.2577778      0.70333333     0.62722222     0.27386845     0.13221391     
4.02           -1.1022222     2.2755556      0.7            0.63           0.26253353     0.13930348     
4.03           -1.0977778     2.2488889      0.70333333     0.62944444     0.25707266     0.13376344     
4.04           -1.0355556     2.1422222      0.68888889     0.60777778     0.26219168     0.13189097     
4.05           -1.0622222     2.2133333      0.70111111     0.62166667     0.26459803     0.12850358     
4.06           -1.2222222     2.5155556      0.75444444     0.68722222     0.24793817     0.11629143     
4.07           -1.1288889     2.3111111      0.70333333     0.63722222     0.25034162     0.14009282     
4.08           -0.96888889    2.0088889      0.67444444     0.58388889     0.25714706     0.1264839      
4.09           -1.0133333     2.08           0.65222222     0.58277778     0.25182909     0.15392073     
4.1            -1.0088889     2.1066667      0.66222222     0.58888889     0.25908623     0.14668353     
4.11           -1.0666667     2.2222222      0.69666667     0.62055556     0.25679328     0.13159232     
4.12           -1.0355556     2.1777778      0.68666667     0.60888889     0.26048696     0.13337648     
4.13           -1.1422222     2.3377778      0.70333333     0.64055556     0.2422729      0.14128598     
4.14           -1.0177778     2.1244444      0.67333333     0.59666667     0.2540486      0.13844337     
4.15           -0.98666667    2.08           0.66666667     0.58666667     0.25698682     0.13708166     
4.16           -0.99555556    2.1155556      0.67333333     0.59333333     0.25989846     0.13457265     
4.17           -1.0666667     2.1511111      0.68888889     0.61222222     0.23309889     0.13204251     
4.18           -1.0266667     2.1777778      0.68111111     0.605          0.25725907     0.13501211     
4.19           -1.0444444     2.2133333      0.68888889     0.61333333     0.25574453     0.13247297     
4.2            -1.0133333     2.0622222      0.66444444     0.58777778     0.23477954     0.1393251      
4.21           -0.99555556    2.0622222      0.66888889     0.58777778     0.24172542     0.13336383     
4.22           -1.0577778     2.2755556      0.69           0.61944444     0.25980138     0.13587151     
4.23           -0.92444444    1.9911111      0.64444444     0.56222222     0.25407029     0.13892537     
4.24           -0.98666667    2.0444444      0.66444444     0.58333333     0.23828171     0.13381784     
4.25           -0.99555556    2.0622222      0.68444444     0.59555556     0.2371967      0.1196154      
4.26           -0.89333333    1.8577778      0.63666667     0.54611111     0.23358093     0.13217527     
4.27           -1.0577778     2.2222222      0.68444444     0.61333333     0.2420522      0.13570879     
4.28           -0.88888889    1.8488889      0.62222222     0.53777778     0.23119168     0.14076382     
4.29           -1.0577778     2.24           0.70555556     0.625          0.24366444     0.11859334     
4.3            -1.0577778     2.1688889      0.68777778     0.61166667     0.22714874     0.12895665     
4.31           -1             2.1066667      0.67444444     0.59388889     0.23829903     0.12901492     
4.32           -0.88888889    1.8844444      0.63           0.54388889     0.23455097     0.13610082     
4.33           -1.0977778     2.2133333      0.71888889     0.635          0.21509897     0.10919055     
4.34           -1.0577778     2.2044444      0.69666667     0.61833333     0.23053168     0.1225704      
4.35           -0.95555556    2.0355556      0.65666667     0.575          0.23727713     0.13221967     
4.36           -1             2.0355556      0.67222222     0.58833333     0.2179016      0.12518405     
4.37           -0.90222222    1.9111111      0.64888889     0.55666667     0.22979775     0.12412803     
4.38           -0.92          1.9644444      0.64666667     0.56111111     0.23311533     0.13053272     
4.39           -0.85777778    1.9111111      0.61666667     0.535          0.24394402     0.14097697     
4.4            -0.98666667    2.2222222      0.67888889     0.60166667     0.25799816     0.12797868     
4.41           -0.95111111    1.9555556      0.66666667     0.57444444     0.21615339     0.11791383     
4.42           -1.0355556     2.2311111      0.67555556     0.60666667     0.23724654     0.13601028     
4.43           -1.0222222     2.0622222      0.68222222     0.59777778     0.20734556     0.11950394     
4.44           -0.85777778    1.84           0.63555556     0.54           0.22405188     0.12258481     
4.45           -1.0666667     2.2222222      0.68555556     0.615          0.21905203     0.13034929     
4.46           -0.90222222    1.8933333      0.65           0.55611111     0.21704205     0.11983059     
4.47           -0.95555556    2.0533333      0.66111111     0.57833333     0.22826738     0.12641202     
4.48           -0.95111111    2.0266667      0.65           0.57055556     0.22362371     0.13219246     
4.49           -0.96444444    2.1066667      0.66888889     0.58666667     0.23343408     0.1240573      
4.5            -0.96          2.0444444      0.65666667     0.57611111     0.22179643     0.1288         
4.51           -1.0088889     2.1244444      0.67777778     0.59777778     0.21761695     0.12274507     
4.52           -0.99111111    2.1066667      0.65888889     0.585          0.22013576     0.13350923     
4.53           -0.97333333    2.0177778      0.66888889     0.58222222     0.20864582     0.11903742     
4.54           -0.97333333    2.0533333      0.64111111     0.57055556     0.21462779     0.14055692     
4.55           -1.0844444     2.3466667      0.69555556     0.63           0.22618465     0.12852964     
4.56           -1             2.0888889      0.66444444     0.58777778     0.20946616     0.12832575     
4.57           -0.99555556    2.1155556      0.67555556     0.59444444     0.21535649     0.12084826     
4.58           -0.95555556    2.0355556      0.65222222     0.57277778     0.21404419     0.12871961     
4.59           -0.85777778    1.8222222      0.64444444     0.54333333     0.20627195     0.11156836     
4.6            -0.84          1.8755556      0.61333333     0.52888889     0.22116362     0.13279227     
4.61           -0.96888889    2.0266667      0.66888889     0.58222222     0.20476489     0.11697169     
4.62           -0.96          2.0622222      0.67333333     0.58555556     0.21375578     0.11443963     
4.63           -0.87555556    1.84           0.62           0.53444444     0.20029061     0.12962803     
4.64           -0.92888889    2.0533333      0.65666667     0.57277778     0.22118363     0.12204023     
4.65           -0.91111111    1.9822222      0.63888889     0.55722222     0.21312961     0.12820921     
4.66           -0.93333333    1.9022222      0.62888889     0.55           0.18993002     0.13261697     
4.67           -0.84          1.9644444      0.62333333     0.53944444     0.23088637     0.12925054     
4.68           -0.92888889    1.9466667      0.64666667     0.56111111     0.19793851     0.12216524     
4.69           -0.91555556    2.0622222      0.64777778     0.56722222     0.22258132     0.12589013     
4.7            -0.86666667    1.9111111      0.61444444     0.535          0.2100498      0.13400683     
4.71           -0.93333333    1.9733333      0.64333333     0.56166667     0.19874094     0.12551073     
4.72           -0.87555556    1.8933333      0.62555556     0.54055556     0.20230103     0.12647102     
4.73           -0.90666667    1.9022222      0.63555556     0.55           0.19312253     0.1235257      
4.74           -0.97333333    2.1066667      0.68444444     0.59555556     0.20639301     0.10725009     
4.75           -0.92444444    1.92           0.65111111     0.56111111     0.18888022     0.11550773     
4.76           -0.79555556    1.7688889      0.61666667     0.51833333     0.20054732     0.11601307     
4.77           -0.97777778    2.08           0.68           0.59222222     0.1975925      0.1088656      
4.78           -0.99555556    2.1688889      0.67           0.595          0.20618652     0.12225941     
4.79           -0.82222222    1.9288889      0.62444444     0.53555556     0.21841598     0.12160726     
4.8            -0.82222222    1.7688889      0.61777778     0.52222222     0.18972908     0.11714403     
4.81           -0.84          1.7511111      0.60444444     0.51666667     0.1807584      0.1258325      
4.82           -0.92          1.9466667      0.63           0.55166667     0.18943659     0.12843707     
4.83           -0.83555556    1.8488889      0.62333333     0.53166667     0.19730648     0.11852772     
4.84           -0.91111111    1.9644444      0.63111111     0.55222222     0.19368912     0.12720743     
4.85           -0.95111111    2.0266667      0.66           0.57555556     0.19080528     0.11542726     
4.86           -0.92          2              0.64444444     0.56222222     0.19536317     0.12091653     
4.87           -0.97777778    2.0266667      0.65888889     0.57833333     0.18056614     0.11843841     
4.88           -0.86666667    1.84           0.61555556     0.53111111     0.18289588     0.12475612     
4.89           -0.92          1.9644444      0.64888889     0.56222222     0.18702572     0.11547275     
4.9            -0.83111111    1.8044444      0.62444444     0.52888889     0.18553915     0.11343512     
4.91           -0.91111111    2.0355556      0.65           0.56611111     0.2000045      0.1169948      
4.92           -0.84          1.8222222      0.61111111     0.52444444     0.18451686     0.12275419     
4.93           -0.92444444    1.9555556      0.66888889     0.57222222     0.18119112     0.10126562     
4.94           -0.76444444    1.5644444      0.57888889     0.48277778     0.16064337     0.11956715     
4.95           -0.80888889    1.7777778      0.61111111     0.51777778     0.18340603     0.11662302     
4.96           -0.90666667    1.9022222      0.64777778     0.55611111     0.17562724     0.11007666     
4.97           -0.90666667    1.9377778      0.65222222     0.56055556     0.18067898     0.10878208     
4.98           -0.82222222    1.8577778      0.61444444     0.52611111     0.19059828     0.11933264     
4.99           -0.91111111    1.9466667      0.64777778     0.55944444     0.17936365     0.11208689     
5              -0.82666667    1.76           0.63555556     0.53111111     0.17225956     0.1017442      
5.01           -0.78666667    1.6622222      0.61777778     0.51111111     0.16627468     0.10336266     
5.02           -0.85777778    1.9644444      0.62555556     0.54277778     0.19502258     0.12068369     
5.03           -0.88          1.8311111      0.63888889     0.54388889     0.16706301     0.10792038     
5.04           -0.89777778    1.8844444      0.64222222     0.55111111     0.1698223      0.11004899     
5.05           -0.87111111    1.9022222      0.62888889     0.54222222     0.17933734     0.11621464     
5.06           -1             2.0711111      0.68333333     0.59611111     0.16733758     0.10210804     
5.07           -0.84888889    1.8044444      0.61888889     0.52833333     0.16865766     0.1146429      
5.08           -0.85333333    1.8133333      0.61333333     0.52666667     0.16819945     0.11849519     
5.09           -0.75555556    1.7244444      0.58333333     0.49388889     0.17810341     0.120716       
5.1            -0.90666667    1.9911111      0.63           0.55277778     0.17978726     0.12225708     
5.11           -0.81333333    1.7688889      0.62777778     0.52611111     0.16963443     0.10333164     
5.12           -0.72          1.6888889      0.58444444     0.48777778     0.17860243     0.11422068     
5.13           -0.86222222    1.8666667      0.63           0.53944444     0.1707252      0.11114577     
5.14           -0.77333333    1.7066667      0.59555556     0.50111111     0.16784845     0.11394918     
5.15           -0.82222222    1.7511111      0.61555556     0.52           0.16213581     0.10958552     
5.16           -0.73777778    1.6177778      0.59           0.48833333     0.16126761     0.10870801     
5.17           -0.81333333    1.7866667      0.60555556     0.51611111     0.16838038     0.11560045     
5.18           -0.71111111    1.6533333      0.58888889     0.48666667     0.17108486     0.10801277     
5.19           -0.89333333    1.8933333      0.64888889     0.55444444     0.16264996     0.10280359     
5.2            -0.72          1.6            0.59222222     0.48611111     0.16           0.1041415      
5.21           -0.72888889    1.5288889      0.59777778     0.48555556     0.14700946     0.098439373    
5.22           -0.81333333    1.7333333      0.61777778     0.51888889     0.15734094     0.10516437     
5.23           -0.78666667    1.7155556      0.61111111     0.51111111     0.1603795      0.10528055     
5.24           -0.74222222    1.68           0.57222222     0.48388889     0.16448723     0.11942795     
5.25           -0.85333333    1.8311111      0.60777778     0.525          0.16006289     0.11855708     
5.26           -0.70222222    1.6888889      0.56777778     0.47722222     0.17287699     0.11775712     
5.27           -0.92          1.9466667      0.63666667     0.555          0.15846623     0.11359055     
5.28           -0.83555556    1.8311111      0.60333333     0.52055556     0.16255711     0.11859428     
5.29           -0.76888889    1.68           0.61888889     0.51055556     0.15563265     0.096432589    
5.3            -0.78222222    1.76           0.60333333     0.50944444     0.16349283     0.10976101     
5.31           -0.79555556    1.7333333      0.59444444     0.505          0.1561102      0.11422659     
5.32           -0.84          1.8222222      0.60777778     0.52277778     0.15781308     0.11532628     
5.33           -0.80444444    1.7688889      0.60777778     0.515          0.15794459     0.10927293     
5.34           -0.83111111    1.7333333      0.59777778     0.51111111     0.14624804     0.11518565     
5.35           -0.78666667    1.7511111      0.61222222     0.51388889     0.15823449     0.10397969     
5.36           -0.72888889    1.6177778      0.58888889     0.48666667     0.15127238     0.10438548     
5.37           -0.79111111    1.7244444      0.61333333     0.51333333     0.15238637     0.10216429     
5.38           -0.70222222    1.5822222      0.56111111     0.46722222     0.15051011     0.11329111     
5.39           -0.87111111    1.7955556      0.62444444     0.53333333     0.14273956     0.10642113     
5.4            -0.87111111    1.92           0.62666667     0.54222222     0.15928195     0.11074897     
5.41           -0.79111111    1.7422222      0.6            0.50777778     0.15257095     0.10926268     
5.42           -0.76          1.6444444      0.59777778     0.49666667     0.14526551     0.10282538     
5.43           -0.77333333    1.76           0.61           0.51166667     0.15763398     0.10281154     
5.44           -0.82666667    1.7777778      0.61222222     0.52055556     0.14792388     0.1071614      
5.45           -0.79111111    1.7955556      0.6            0.51111111     0.15752193     0.11090724     
5.46           -0.76444444    1.7244444      0.59           0.49833333     0.15296987     0.11006105     
5.47           -0.69333333    1.6177778      0.56111111     0.46833333     0.15200969     0.1122396      
5.48           -0.86222222    1.92           0.63777778     0.54666667     0.15671757     0.10212129     
5.49           -0.80888889    1.8488889      0.60333333     0.51833333     0.15853798     0.11243878     
5.5            -0.71555556    1.6266667      0.58444444     0.48333333     0.14739133     0.10309675     
5.51           -0.79555556    1.7333333      0.59555556     0.50555556     0.14498301     0.10952387     
5.52           -0.8           1.7422222      0.60111111     0.50944444     0.14469416     0.107326       
5.53           -0.68          1.6088889      0.56111111     0.46611111     0.14996143     0.10941442     
5.54           -0.73777778    1.6533333      0.58555556     0.48833333     0.14453691     0.10502384     
5.55           -0.79555556    1.6977778      0.60333333     0.50722222     0.13828347     0.10321522     
5.56           -0.76888889    1.7155556      0.59888889     0.50277778     0.14548489     0.10367617     
5.57           -0.75111111    1.6266667      0.59333333     0.49222222     0.13698658     0.10066627     
5.58           -0.81333333    1.7688889      0.60444444     0.51444444     0.1422615      0.10687553     
5.59           -0.76444444    1.7422222      0.60444444     0.50666667     0.14821342     0.10111884     
5.6            -0.72444444    1.6444444      0.58444444     0.48555556     0.14280927     0.10284303     
5.61           -0.70222222    1.6            0.56444444     0.47           0.1406813      0.10795185     
5.62           -0.81333333    1.7511111      0.61           0.51611111     0.13799217     0.10249901     
5.63           -0.72444444    1.5911111      0.57777778     0.47888889     0.13456096     0.10306339     
5.64           -0.80888889    1.7244444      0.60777778     0.51277778     0.13456858     0.10169075     
5.65           -0.67111111    1.5733333      0.58444444     0.47444444     0.14070868     0.094066645    
5.66           -0.79111111    1.7955556      0.60555556     0.51388889     0.14604987     0.10402216     
5.67           -0.84888889    1.84           0.59777778     0.52           0.13927539     0.11475254     
5.68           -0.84888889    1.8044444      0.63333333     0.53555556     0.13437712     0.094679186    
5.69           -0.72          1.6533333      0.57333333     0.48           0.14021866     0.10635423     
5.7            -0.70666667    1.5911111      0.57333333     0.47444444     0.13440854     0.10226901     
5.71           -0.77777778    1.5911111      0.58888889     0.49111111     0.12098759     0.10110052     
5.72           -0.71555556    1.6444444      0.58555556     0.485          0.138445       0.099387896    
5.73           -0.66222222    1.6266667      0.56777778     0.46833333     0.14474852     0.101893       
5.74           -0.73777778    1.6355556      0.58777778     0.48833333     0.13248182     0.099547468    
5.75           -0.84          1.7688889      0.62333333     0.52722222     0.12863987     0.096471498    
5.76           -0.68          1.5555556      0.56666667     0.46555556     0.13179441     0.10030864     
5.77           -0.75555556    1.6533333      0.60888889     0.50222222     0.13005405     0.091144917    
5.78           -0.84          1.8755556      0.62555556     0.535          0.14007921     0.099432697    
5.79           -0.83555556    1.7955556      0.61555556     0.52444444     0.13093893     0.10054287     
5.8            -0.77333333    1.7244444      0.60333333     0.50611111     0.13393579     0.098          
5.81           -0.69777778    1.7688889      0.58666667     0.49111111     0.1519127      0.10115892     
5.82           -0.74666667    1.7066667      0.59           0.495          0.13570406     0.1009622      
5.83           -0.69333333    1.6            0.57333333     0.47333333     0.13172405     0.099226225    
5.84           -0.73777778    1.7066667      0.57777778     0.48777778     0.13632373     0.10544563     
5.85           -0.79555556    1.6977778      0.60666667     0.50888889     0.12446421     0.096303894    
5.86           -0.78222222    1.6177778      0.60777778     0.50277778     0.11717157     0.091047065    
5.87           -0.71555556    1.68           0.58555556     0.48722222     0.13558739     0.098362462    
5.88           -0.71555556    1.6266667      0.58111111     0.48166667     0.12895633     0.097943227    
5.89           -0.71111111    1.6177778      0.58222222     0.48111111     0.12822502     0.09652183     
5.9            -0.66666667    1.5288889      0.55444444     0.45611111     0.12461298     0.10081523     
5.91           -0.57333333    1.4488889      0.52555556     0.425          0.12828385     0.10070481     
5.92           -0.68888889    1.5911111      0.57111111     0.47111111     0.12743599     0.097934601    
5.93           -0.76444444    1.7777778      0.58888889     0.50111111     0.13574928     0.1040951      
5.94           -0.64888889    1.4755556      0.55555556     0.45111111     0.11954548     0.095938812    
5.95           -0.58222222    1.5555556      0.54333333     0.44166667     0.13745615     0.098457516    
5.96           -0.62222222    1.4755556      0.55444444     0.44722222     0.12256149     0.093834618    
5.97           -0.61777778    1.4311111      0.56666667     0.45           0.11778173     0.086357714    
5.98           -0.70222222    1.6355556      0.57888889     0.47944444     0.12778822     0.09654321     
5.99           -0.60444444    1.4222222      0.53888889     0.43388889     0.11782232     0.095818133    
6              -0.71111111    1.7777778      0.57333333     0.48666667     0.14134431     0.1053037      
6.01           -0.71555556    1.6622222      0.59444444     0.49055556     0.12737534     0.091308724    
6.02           -0.73333333    1.5555556      0.58111111     0.47944444     0.11233626     0.094188918    
6.03           -0.70666667    1.7333333      0.56777778     0.48055556     0.13574533     0.10493131     
6.04           -0.77777778    1.7688889      0.60333333     0.50944444     0.12762057     0.096313466    
6.05           -0.75555556    1.6533333      0.59666667     0.49611111     0.11829456     0.092628099    
6.06           -0.64888889    1.5466667      0.56444444     0.46           0.12260344     0.093334963    
6.07           -0.72444444    1.6622222      0.59444444     0.49166667     0.12348004     0.091138365    
6.08           -0.72888889    1.7066667      0.58888889     0.49222222     0.12718443     0.095679012    
6.09           -0.70666667    1.6622222      0.56555556     0.475          0.12541429     0.10190273     
6.1            -0.70222222    1.7066667      0.58222222     0.48555556     0.13045425     0.096113337    
6.11           -0.69333333    1.5822222      0.58888889     0.48           0.11802295     0.087207775    
6.12           -0.68          1.52           0.55666667     0.45833333     0.11294801     0.097029775    
6.13           -0.70222222    1.7244444      0.58111111     0.48611111     0.13107291     0.096848932    
6.14           -0.69777778    1.5911111      0.58           0.47666667     0.11715958     0.091378936    
6.15           -0.61333333    1.5644444      0.56333333     0.45611111     0.1256677      0.090254743    
6.16           -0.68          1.6444444      0.56222222     0.46888889     0.12460411     0.099217573    
6.17           -0.66222222    1.5733333      0.55666667     0.45944444     0.11923592     0.096963803    
6.18           -0.59555556    1.4044444      0.54333333     0.43388889     0.10994418     0.089759079    
6.19           -0.71111111    1.6533333      0.57222222     0.47833333     0.1198091      0.097508925    
6.2            -0.79111111    1.76           0.60333333     0.51055556     0.11801698     0.094544803    
6.21           -0.67111111    1.6266667      0.57222222     0.47166667     0.12200742     0.092900738    
6.22           -0.61333333    1.6177778      0.54444444     0.45           0.12836923     0.098765432    
6.23           -0.67111111    1.6444444      0.56666667     0.47           0.12305747     0.095594792    
6.24           -0.67111111    1.6088889      0.56           0.46444444     0.1190108      0.096695157    
6.25           -0.63555556    1.4844444      0.54111111     0.44277778     0.11064459     0.095984988    
6.26           -0.64          1.6533333      0.56444444     0.46555556     0.12695172     0.093902891    
6.27           -0.68          1.5555556      0.57111111     0.46777778     0.11122614     0.090341229    
6.28           -0.64          1.5288889      0.54666667     0.44888889     0.11352275     0.09556971     
6.29           -0.67555556    1.6177778      0.56333333     0.46722222     0.11741983     0.095311782    
6.3            -0.56888889    1.4933333      0.53333333     0.43111111     0.11788347     0.093121693    
6.31           -0.68444444    1.5644444      0.56           0.46333333     0.11010423     0.094918119    
6.32           -0.62222222    1.4933333      0.54222222     0.44222222     0.1107768      0.093808408    
6.33           -0.71555556    1.6977778      0.57           0.48055556     0.11837191     0.098360541    
6.34           -0.70222222    1.6888889      0.57555556     0.48111111     0.1189954      0.094540639    
6.35           -0.76888889    1.6622222      0.57           0.485          0.1062466      0.10085039     
6.36           -0.63111111    1.5466667      0.56222222     0.45666667     0.11356013     0.088410591    
6.37           -0.62222222    1.5466667      0.57333333     0.46111111     0.1143021      0.083139717    
6.38           -0.68444444    1.5466667      0.58333333     0.47388889     0.10595439     0.083768722    
6.39           -0.68444444    1.6888889      0.56777778     0.475          0.11955542     0.095542031    
6.4            -0.67111111    1.5377778      0.56888889     0.46444444     0.1061902      0.088006173    
6.41           -0.64          1.5288889      0.55           0.45055556     0.10896477     0.092390362    
6.42           -0.75555556    1.8666667      0.58111111     0.50166667     0.12575601     0.10216607     
6.43           -0.6           1.4311111      0.54111111     0.435          0.10362692     0.088459574    
6.44           -0.62222222    1.5644444      0.56111111     0.45611111     0.11354538     0.087742504    
6.45           -0.67555556    1.5288889      0.57333333     0.46666667     0.10312011     0.085553833    
6.46           -0.61777778    1.36           0.53777778     0.43111111     0.093775519    0.087867599    
6.47           -0.63111111    1.5466667      0.54666667     0.44888889     0.10973156     0.09276318     
6.48           -0.57333333    1.5022222      0.53888889     0.435          0.11178851     0.089258497    
6.49           -0.60444444    1.4933333      0.53           0.43388889     0.10712038     0.094292073    
6.5            -0.68444444    1.6888889      0.55666667     0.46944444     0.11554317     0.098194872    
6.51           -0.56          1.4577778      0.52444444     0.42333333     0.10799198     0.091116042    
6.52           -0.80888889    1.7777778      0.60777778     0.51611111     0.1057131      0.090010604    
6.53           -0.63555556    1.5555556      0.56111111     0.45722222     0.10803005     0.087213809    
6.54           -0.62666667    1.4311111      0.54555556     0.44055556     0.097111167    0.087415713    
6.55           -0.57333333    1.3777778      0.53333333     0.42444444     0.097809374    0.085496183    
6.56           -0.64444444    1.6088889      0.55666667     0.45944444     0.11094403     0.091199187    
6.57           -0.64888889    1.4577778      0.56444444     0.45444444     0.096070742    0.082707406    
6.58           -0.66666667    1.5111111      0.56666667     0.46111111     0.09854553     0.085106383    
6.59           -0.65333333    1.5733333      0.57333333     0.46666667     0.10559881     0.083736301    
6.6            -0.62666667    1.4844444      0.54333333     0.44277778     0.10025099     0.089434343    
6.61           -0.66666667    1.6            0.56666667     0.46666667     0.1057908      0.088082031    
6.62           -0.69777778    1.6088889      0.58           0.47777778     0.10240825     0.085424639    
6.63           -0.60444444    1.4222222      0.54333333     0.43611111     0.096173218    0.085007541    
6.64           -0.60888889    1.5377778      0.52111111     0.43277778     0.10587822     0.097121077    
6.65           -0.62666667    1.5377778      0.52333333     0.43611111     0.10357322     0.09758396     
6.66           -0.62222222    1.6177778      0.55111111     0.45444444     0.1109774      0.090523116    
6.67           -0.74222222    1.6088889      0.59777778     0.49222222     0.095124407    0.080889925    
6.68           -0.60888889    1.5911111      0.55333333     0.45222222     0.10939487     0.087451763    
6.69           -0.68          1.6266667      0.57777778     0.47555556     0.10405434     0.084740445    
6.7            -0.55555556    1.4133333      0.51444444     0.415          0.098435407    0.089759351    
6.71           -0.57333333    1.4311111      0.53666667     0.42944444     0.09793866     0.084311972    
6.72           -0.58666667    1.4044444      0.55333333     0.43777778     0.093915344    0.078333333    
6.73           -0.60888889    1.52           0.54777778     0.445          0.10149532     0.086145323    
6.74           -0.6           1.5555556      0.52111111     0.43277778     0.10527129     0.095680111    
6.75           -0.54222222    1.3333333      0.53111111     0.41666667     0.091244194    0.079755647    
6.76           -0.65333333    1.5022222      0.56444444     0.45777778     0.094129913    0.082355176    
6.77           -0.56          1.4222222      0.54444444     0.43111111     0.0967534      0.079581305    
6.78           -0.59111111    1.4488889      0.52333333     0.42611111     0.095672379    0.089813176    
6.79           -0.59555556    1.4933333      0.54222222     0.43888889     0.098789211    0.08535137     
6.8            -0.67555556    1.6177778      0.57333333     0.47222222     0.10046734     0.084418301    
6.81           -0.58666667    1.4222222      0.54666667     0.43555556     0.09298276     0.080300212    
6.82           -0.51555556    1.3688889      0.52111111     0.41055556     0.094864282    0.081524203    
6.83           -0.55555556    1.4488889      0.54111111     0.43055556     0.097772673    0.08067603     
6.84           -0.58666667    1.44           0.54222222     0.43444444     0.093688846    0.082128366    
6.85           -0.63555556    1.52           0.56333333     0.45611111     0.09514149     0.08103163     
6.86           -0.66222222    1.52           0.57444444     0.465          0.09192273     0.07872512     
6.87           -0.72          1.6177778      0.59777778     0.49           0.093173728    0.077241181    
6.88           -0.67555556    1.5822222      0.58111111     0.47388889     0.095139849    0.079185329    
6.89           -0.55555556    1.4133333      0.54333333     0.42944444     0.093081314    0.077929366    
6.9            -0.57777778    1.4755556      0.55333333     0.44111111     0.095923411    0.078222222    
6.91           -0.55555556    1.4133333      0.54777778     0.43166667     0.092543273    0.076183023    
6.92           -0.55111111    1.4577778      0.52222222     0.42111111     0.096399339    0.085777492    
6.93           -0.60444444    1.3866667      0.53666667     0.43055556     0.085065337    0.082276736    
6.94           -0.64888889    1.4755556      0.56666667     0.45666667     0.087576408    0.078130003    
6.95           -0.65777778    1.5466667      0.54555556     0.45166667     0.092251545    0.088653699    
6.96           -0.68          1.5911111      0.57666667     0.47277778     0.093201803    0.08059387     
6.97           -0.65333333    1.6088889      0.57444444     0.46944444     0.097325858    0.0800333      
6.98           -0.52444444    1.3866667      0.51444444     0.40944444     0.091265646    0.08297499     
6.99           -0.61333333    1.5288889      0.55777778     0.45111111     0.094368297    0.080111623    
7              -0.58666667    1.4755556      0.53777778     0.43444444     0.09235737     0.082994004    
7.01           -0.64          1.44           0.56333333     0.45166667     0.083874473    0.076646061    
7.02           -0.68888889    1.7511111      0.56           0.47555556     0.10361468     0.092282368    
7.03           -0.49777778    1.3866667      0.52111111     0.40944444     0.092178325    0.078456702    
7.04           -0.60444444    1.4933333      0.54666667     0.44222222     0.091036629    0.081464646    
7.05           -0.55111111    1.4044444      0.52444444     0.41888889     0.088584758    0.08161527     
7.06           -0.64888889    1.5466667      0.56555556     0.46055556     0.090331347    0.079718113    
7.07           -0.49777778    1.4933333      0.51111111     0.41111111     0.099674151    0.084795781    
7.08           -0.54666667    1.4311111      0.52777778     0.42166667     0.090352921    0.080857223    
7.09           -0.62222222    1.5644444      0.55333333     0.45222222     0.093680402    0.082394609    
7.1            -0.44888889    1.1288889      0.47222222     0.36277778     0.073587594    0.078751521    
7.11           -0.60888889    1.4666667      0.54555556     0.44055556     0.086716159    0.080407703    
7.12           -0.59111111    1.4844444      0.54555556     0.43944444     0.089558776    0.079670551    
7.13           -0.6           1.4666667      0.54888889     0.44111111     0.087075858    0.07844718     
7.14           -0.6           1.5022222      0.54666667     0.44222222     0.089621905    0.080323685    
7.15           -0.48          1.2444444      0.50888889     0.39222222     0.07934232     0.074547872    
7.16           -0.54666667    1.2888889      0.51666667     0.40722222     0.077248248    0.078367474    
7.17           -0.53333333    1.3866667      0.51555556     0.41111111     0.085761199    0.081067548    
7.18           -0.51111111    1.3422222      0.52555556     0.41055556     0.083874866    0.074845077    
7.19           -0.60888889    1.4488889      0.55555556     0.44444444     0.083421628    0.075550748    
7.2            -0.55555556    1.3244444      0.53           0.41722222     0.07837982     0.075734568    
7.21           -0.55111111    1.4222222      0.52444444     0.42           0.086064683    0.080420541    
7.22           -0.6           1.4311111      0.55222222     0.44055556     0.082190216    0.075128074    
7.23           -0.58666667    1.3511111      0.53           0.42277778     0.077052035    0.07849393     
7.24           -0.61333333    1.44           0.54555556     0.43944444     0.081180536    0.078350044    
7.25           -0.56          1.3866667      0.53555556     0.42444444     0.081660246    0.075930864    
7.26           -0.60888889    1.5377778      0.53888889     0.44166667     0.088566514    0.083341836    
7.27           -0.59111111    1.52           0.56444444     0.45111111     0.088592123    0.07290981     
7.28           -0.49333333    1.3422222      0.51444444     0.40277778     0.08293416     0.075892688    
7.29           -0.63111111    1.44           0.57           0.45388889     0.0784056      0.070775796    
7.3            -0.61333333    1.4933333      0.56111111     0.45055556     0.083854799    0.074361576    
7.31           -0.62222222    1.4933333      0.55           0.44611111     0.082803411    0.078583371    
7.32           -0.60888889    1.52           0.55111111     0.44666667     0.085793419    0.078111044    
7.33           -0.64888889    1.5466667      0.55444444     0.455          0.083799212    0.080540987    
7.34           -0.56888889    1.4044444      0.54222222     0.43           0.080244851    0.07411175     
7.35           -0.56          1.44           0.51888889     0.41944444     0.083402286    0.081740825    
7.36           -0.62222222    1.3866667      0.56555556     0.44722222     0.07380569     0.069222356    
7.37           -0.63555556    1.5022222      0.54555556     0.44611111     0.080880268    0.080586294    
7.38           -0.55111111    1.4577778      0.52222222     0.42111111     0.084756599    0.080430928    
7.39           -0.54666667    1.3955556      0.52           0.41555556     0.080327335    0.078568636    
7.4            -0.52          1.3955556      0.53666667     0.42055556     0.082188134    0.071645646    
7.41           -0.48888889    1.4755556      0.50777778     0.40722222     0.090080932    0.08063911     
7.42           -0.52888889    1.2711111      0.53111111     0.41111111     0.07202706     0.069559083    
7.43           -0.66666667    1.6533333      0.55777778     0.46555556     0.087592869    0.083143745    
7.44           -0.61333333    1.4755556      0.54777778     0.44277778     0.079443995    0.076729723    
7.45           -0.47555556    1.2888889      0.52222222     0.40111111     0.076590121    0.068936946    
7.46           -0.52          1.36           0.51222222     0.40611111     0.078315808    0.077072121    
7.47           -0.39555556    1.1466667      0.49222222     0.36722222     0.070981111    0.066902011    
7.48           -0.48444444    1.3244444      0.52333333     0.405          0.077908864    0.070118835    
7.49           -0.52888889    1.4488889      0.51777778     0.41555556     0.083362806    0.078751257    
7.5            -0.59111111    1.3955556      0.52888889     0.42555556     0.074392406    0.077777119    
7.51           -0.61333333    1.3866667      0.54666667     0.43666667     0.071665752    0.073407309    
7.52           -0.56          1.4755556      0.52444444     0.42444444     0.082189025    0.079469398    
7.53           -0.60888889    1.5911111      0.54333333     0.44722222     0.086091433    0.080749594    
7.54           -0.56          1.5111111      0.52666667     0.42777778     0.084255227    0.079787798    
7.55           -0.46222222    1.3155556      0.49555556     0.38777778     0.077323358    0.075339056    
7.56           -0.50222222    1.1644444      0.49444444     0.38277778     0.063843207    0.07317591     
7.57           -0.53777778    1.4133333      0.51           0.41055556     0.078466476    0.079500954    
7.58           -0.52444444    1.4755556      0.52777778     0.42166667     0.083577362    0.075523633    
7.59           -0.55555556    1.3422222      0.53777778     0.42222222     0.071766314    0.070101335    
7.6            -0.50666667    1.4222222      0.50666667     0.40555556     0.080714066    0.078339181    
7.61           -0.55111111    1.4044444      0.53777778     0.42555556     0.076027013    0.071669181    
7.62           -0.55111111    1.2977778      0.53777778     0.41888889     0.068479435    0.068075565    
7.63           -0.52          1.3066667      0.52           0.40666667     0.071200402    0.071437309    
7.64           -0.52          1.4488889      0.53222222     0.42166667     0.080760457    0.072463965    
7.65           -0.53333333    1.3866667      0.53555556     0.42111111     0.075336646    0.070217704    
7.66           -0.55111111    1.44           0.53666667     0.42722222     0.077461605    0.072695097    
7.67           -0.52888889    1.36           0.52555556     0.41388889     0.073452099    0.071801954    
7.68           -0.50666667    1.2622222      0.51666667     0.40055556     0.068190586    0.06958912     
7.69           -0.55555556    1.4488889      0.54111111     0.43055556     0.077126961    0.071653743    
7.7            -0.61777778    1.4133333      0.53888889     0.435          0.06960256     0.075116242    
7.71           -0.61777778    1.4488889      0.55333333     0.44444444     0.071814663    0.071733679    
7.72           -0.54222222    1.4577778      0.52888889     0.42333333     0.078107657    0.074409262    
7.73           -0.46666667    1.2            0.52555556     0.39611111     0.065752271    0.062045262    
7.74           -0.50222222    1.2533333      0.52333333     0.40277778     0.06684335     0.066614987    
7.75           -0.52          1.4311111      0.51444444     0.41166667     0.07730022     0.075877977    
7.76           -0.58222222    1.4844444      0.52666667     0.42888889     0.076088169    0.078098511    
7.77           -0.50666667    1.3333333      0.53222222     0.41277778     0.07133149     0.066675564    
7.78           -0.48          1.4577778      0.52444444     0.41333333     0.081110869    0.071100955    
7.79           -0.58222222    1.5555556      0.54888889     0.44444444     0.08019055     0.073512417    
7.8            -0.52444444    1.4577778      0.53777778     0.42555556     0.077760408    0.069923393    
7.81           -0.47111111    1.2977778      0.50666667     0.39333333     0.070550878    0.069972969    
7.82           -0.61777778    1.4133333      0.54777778     0.43944444     0.06748281     0.071296138    
7.83           -0.57333333    1.4488889      0.53222222     0.42833333     0.073084187    0.074111285    
7.84           -0.55555556    1.5022222      0.53777778     0.43222222     0.077674683    0.072968002    
7.85           -0.48888889    1.3333333      0.52222222     0.40555556     0.071033859    0.06768892     
7.86           -0.46222222    1.2977778      0.49333333     0.38555556     0.070193293    0.072355103    
7.87           -0.56888889    1.4577778      0.53333333     0.42888889     0.073245074    0.07341522     
7.88           -0.57333333    1.3066667      0.53555556     0.42111111     0.062997987    0.068168202    
7.89           -0.52444444    1.4755556      0.53555556     0.42555556     0.077138833    0.070335008    
7.9            -0.57333333    1.4311111      0.52666667     0.42444444     0.070655344    0.074464135    
7.91           -0.47111111    1.3333333      0.48777778     0.38611111     0.071051392    0.074934994    
7.92           -0.56          1.3866667      0.53333333     0.42333333     0.068428392    0.070145903    
7.93           -0.61777778    1.4311111      0.54777778     0.44055556     0.06675445     0.070867623    
7.94           -0.58222222    1.4133333      0.51222222     0.41722222     0.068165563    0.078010387    
7.95           -0.60888889    1.4133333      0.56111111     0.445          0.06598395     0.065486451    
7.96           -0.54222222    1.4222222      0.54444444     0.42888889     0.07122404     0.066567405    
7.97           -0.48888889    1.2088889      0.51222222     0.39277778     0.061074484    0.065448518    
7.98           -0.63555556    1.4844444      0.56333333     0.45388889     0.06787103     0.068443331    
7.99           -0.58666667    1.3688889      0.54           0.42888889     0.064204856    0.068730357    
8              -0.55555556    1.3777778      0.51           0.41055556     0.066820988    0.075227778    
8.01           -0.46222222    1.3155556      0.48777778     0.38388889     0.068697285    0.072889752    
8.02           -0.49777778    1.4577778      0.5            0.40333333     0.075247981    0.076475478    
8.03           -0.44888889    1.2711111      0.47444444     0.37277778     0.066352044    0.073564257    
8.04           -0.49777778    1.2977778      0.51888889     0.40277778     0.064973334    0.06643388     
8.05           -0.63555556    1.5022222      0.55444444     0.45055556     0.067793147    0.071128901    
8.06           -0.41777778    1.2266667      0.50666667     0.38222222     0.064782641    0.062288393    
8.07           -0.49333333    1.3422222      0.52666667     0.40888889     0.067491509    0.065185185    
8.08           -0.49777778    1.4044444      0.51555556     0.40777778     0.070866933    0.070287251    
8.09           -0.48444444    1.2355556      0.49444444     0.385          0.061170249    0.069480688    
8.1            -0.47111111    1.2444444      0.49111111     0.38222222     0.062337983    0.069645481    
8.11           -0.53777778    1.2711111      0.52888889     0.41111111     0.059715665    0.064802789    
8.12           -0.59555556    1.5111111      0.56222222     0.45           0.070156076    0.065963632    
8.13           -0.42666667    1.2977778      0.49777778     0.38333333     0.067521069    0.066691571    
8.14           -0.44888889    1.2355556      0.50111111     0.38388889     0.062424423    0.065246459    
8.15           -0.43555556    1.2266667      0.48111111     0.37166667     0.062446191    0.06880921     
8.16           -0.57777778    1.3333333      0.54111111     0.42611111     0.060043383    0.065347979    
8.17           -0.50222222    1.3422222      0.51444444     0.40388889     0.065319133    0.068169304    
8.18           -0.47555556    1.4133333      0.50444444     0.4            0.070969222    0.071166652    
8.19           -0.50666667    1.3333333      0.50222222     0.39777778     0.06420303     0.071086993    
8.2            -0.51555556    1.3866667      0.52           0.41111111     0.066678711    0.068639566    
8.21           -0.61333333    1.44           0.57222222     0.45277778     0.06313101     0.061066751    
8.22           -0.48888889    1.3866667      0.51           0.40277778     0.067940299    0.069429576    
8.23           -0.54666667    1.52           0.53333333     0.43           0.072115947    0.070743891    
8.24           -0.56          1.3511111      0.51888889     0.41388889     0.061122108    0.07021515     
8.25           -0.49333333    1.3066667      0.53222222     0.40944444     0.062488971    0.061180097    
8.26           -0.49333333    1.2711111      0.50666667     0.39444444     0.060253231    0.066698951    
8.27           -0.57333333    1.4133333      0.53666667     0.42833333     0.063434785    0.067870482    
8.28           -0.42666667    1.2266667      0.46888889     0.36444444     0.060947876    0.069849108    
8.29           -0.49333333    1.2888889      0.53444444     0.40944444     0.060852662    0.059741173    
8.3            -0.45333333    1.2088889      0.52555556     0.395          0.058259705    0.057248847    
8.31           -0.47555556    1.2711111      0.48777778     0.38277778     0.060528065    0.069723522    
8.32           -0.46222222    1.3155556      0.50555556     0.39277778     0.063673387    0.065957384    
8.33           -0.46222222    1.1733333      0.51666667     0.38944444     0.055322044    0.058823529    
8.34           -0.47111111    1.3511111      0.51444444     0.40055556     0.06493599     0.06518104     
8.35           -0.46222222    1.3511111      0.50222222     0.39333333     0.065256508    0.067595771    
8.36           -0.42222222    1.36           0.48333333     0.37944444     0.067634005    0.069776715    
8.37           -0.45777778    1.36           0.49555556     0.39           0.065686007    0.069020163    
8.38           -0.52444444    1.2977778      0.52777778     0.41055556     0.058255296    0.063010106    
8.39           -0.53333333    1.44           0.51555556     0.41444444     0.065663934    0.070868612    
8.4            -0.54666667    1.4844444      0.54444444     0.43333333     0.067210884    0.065196943    
8.41           -0.42222222    1.2177778      0.50555556     0.38166667     0.058788865    0.059966824    
8.42           -0.44          1.3066667      0.51333333     0.39333333     0.062799616    0.061673265    
8.43           -0.59555556    1.5822222      0.53           0.43833333     0.069093789    0.074701463    
8.44           -0.45333333    1.28           0.51555556     0.39444444     0.060336071    0.060970101    
8.45           -0.49333333    1.36           0.49888889     0.39611111     0.062553677    0.069690408    
8.46           -0.51111111    1.3244444      0.52777778     0.41055556     0.059420769    0.062414266    
8.47           -0.60444444    1.5288889      0.53444444     0.43833333     0.064874335    0.072114507    
8.48           -0.44444444    1.2622222      0.51222222     0.39055556     0.05922322     0.060464128    
8.49           -0.40888889    1.1022222      0.48555556     0.36277778     0.051888502    0.059841498    
8.5            -0.43111111    1.2            0.50222222     0.38           0.056146337    0.060128395    
8.51           -0.44888889    1.3955556      0.52           0.40333333     0.065951542    0.062483353    
8.52           -0.46222222    1.2444444      0.48333333     0.37722222     0.056800627    0.067423057    
8.53           -0.50666667    1.3866667      0.53555556     0.41777778     0.062118833    0.061410563    
8.54           -0.58666667    1.4933333      0.55           0.44166667     0.063026483    0.06518345     
8.55           -0.50222222    1.36           0.50666667     0.40111111     0.060614772    0.067555556    
8.56           -0.48888889    1.3333333      0.49           0.38944444     0.059738896    0.069787124    
8.57           -0.51555556    1.2266667      0.51111111     0.39666667     0.052331429    0.063212181    
8.58           -0.50666667    1.3866667      0.51           0.405          0.061396947    0.067552448    
8.59           -0.48888889    1.3511111      0.50777778     0.39944444     0.060286077    0.065940011    
8.6            -0.46222222    1.44           0.52444444     0.41           0.066325074    0.062771174    
8.61           -0.49333333    1.2177778      0.50333333     0.38944444     0.052576414    0.063228804    
8.62           -0.42666667    1.2444444      0.49           0.37611111     0.057191768    0.063114205    
8.63           -0.46222222    1.2444444      0.51333333     0.39222222     0.055361867    0.059657525    
8.64           -0.49777778    1.3155556      0.50111111     0.395          0.057215194    0.066614655    
8.65           -0.48          1.3688889      0.52444444     0.40777778     0.060863451    0.061380718    
8.66           -0.48          1.3155556      0.50111111     0.39277778     0.057878358    0.06543438     
8.67           -0.42666667    1.3333333      0.48555556     0.37944444     0.061264107    0.066288465    
8.68           -0.40888889    1.2088889      0.48111111     0.36722222     0.055304783    0.062559595    
8.69           -0.47555556    1.2888889      0.49222222     0.38611111     0.05629188     0.066204094    
8.7            -0.52          1.3777778      0.52           0.41111111     0.058521748    0.064694764    
8.71           -0.53333333    1.44           0.53777778     0.42555556     0.060927662    0.062617964    
8.72           -0.48888889    1.2622222      0.51111111     0.39555556     0.053825955    0.061615132    
8.73           -0.41777778    1.2444444      0.49222222     0.37611111     0.056153547    0.061318852    
8.74           -0.50666667    1.3688889      0.50444444     0.40111111     0.058238655    0.067115292    
8.75           -0.43555556    1.0844444      0.47111111     0.35777778     0.046745381    0.062094674    
8.76           -0.51111111    1.2888889      0.52666667     0.40777778     0.053567186    0.059543379    
8.77           -0.40444444    1.1288889      0.49333333     0.36777778     0.050202948    0.056738883    
8.78           -0.44888889    1.2888889      0.5            0.38666667     0.056422894    0.062262718    
8.79           -0.53333333    1.5111111      0.53           0.42611111     0.063505129    0.066080142    
8.8            -0.44888889    1.3422222      0.49           0.385          0.058921539    0.065863636    
8.81           -0.44444444    1.3866667      0.49555556     0.39           0.061282945    0.065573072    
8.82           -0.40444444    1.1822222      0.47333333     0.36111111     0.052377709    0.062161754    
8.83           -0.35111111    1.1822222      0.44888889     0.34222222     0.054326441    0.063746767    
8.84           -0.48444444    1.3244444      0.50666667     0.39666667     0.055780903    0.063328306    
8.85           -0.42666667    1.2088889      0.48222222     0.37           0.052441863    0.062129595    
8.86           -0.46666667    1.36           0.50666667     0.39666667     0.058202703    0.063185352    
8.87           -0.46666667    1.2888889      0.47888889     0.37833333     0.054456193    0.067192228    
8.88           -0.4           1.1022222      0.49444444     0.36611111     0.047795543    0.054790902    
8.89           -0.31111111    1.2622222      0.44555556     0.34055556     0.058985253    0.063908123    
8.9            -0.41333333    1.2355556      0.50555556     0.38166667     0.0537665      0.05666528     
8.91           -0.49333333    1.36           0.52           0.40666667     0.056261441    0.06117471     
8.92           -0.49333333    1.3066667      0.51444444     0.40055556     0.053454166    0.060942811    
8.93           -0.37777778    1.0933333      0.48333333     0.35722222     0.047682913    0.055368919    
8.94           -0.41777778    1.3511111      0.49111111     0.38222222     0.058884877    0.06310161     
8.95           -0.51111111    1.2888889      0.51111111     0.4            0.051316966    0.06201807     
8.96           -0.44          1.1288889      0.5            0.37555556     0.046600411    0.056051587    
8.97           -0.4           1.3155556      0.48444444     0.37444444     0.057446812    0.062322419    
8.98           -0.44          1.2177778      0.50444444     0.38333333     0.050802217    0.057402733    
8.99           -0.56          1.44           0.52666667     0.42333333     0.055748508    0.064941293    
9              -0.46666667    1.3955556      0.50222222     0.39666667     0.058161866    0.064195336    
9.01           -0.48888889    1.3511111      0.51333333     0.40222222     0.05479662     0.061580959    
9.02           -0.44          1.1644444      0.50777778     0.38166667     0.047730564    0.054912814    
9.03           -0.52444444    1.3333333      0.51333333     0.40555556     0.051914627    0.062921127    
9.04           -0.52          1.3422222      0.52           0.40888889     0.052462126    0.061278269    
9.05           -0.47555556    1.2            0.50888889     0.38888889     0.047561279    0.057423641    
9.06           -0.53333333    1.3333333      0.52222222     0.41111111     0.051113201    0.061101573    
9.07           -0.49333333    1.3066667      0.51333333     0.4            0.051700732    0.060193556    
9.08           -0.47111111    1.2622222      0.50666667     0.39111111     0.050470441    0.059207048    
9.09           -0.45333333    1.1555556      0.51111111     0.38444444     0.045991349    0.054217767    
9.1            -0.38222222    1.1733333      0.47888889     0.36055556     0.049619104    0.057679555    
9.11           -0.40444444    1.2            0.49           0.37055556     0.049952932    0.057280156    
9.12           -0.41333333    1.3244444      0.48222222     0.37555556     0.055478609    0.062726879    
9.13           -0.45777778    1.2533333      0.51           0.39055556     0.050086932    0.057154679    
9.14           -0.42666667    1.2266667      0.48222222     0.37111111     0.050018062    0.060644569    
9.15           -0.44          1.2711111      0.49           0.37944444     0.051480121    0.060915604    
9.16           -0.57333333    1.4311111      0.54555556     0.43388889     0.052554299    0.059501321    
9.17           -0.39111111    1.3155556      0.48777778     0.375          0.055302788    0.05979186     
9.18           -0.45333333    1.1555556      0.50333333     0.38055556     0.045093978    0.055429678    
9.19           -0.53777778    1.4133333      0.52666667     0.41888889     0.053240838    0.06159352     
9.2            -0.38222222    1.12           0.47555556     0.35555556     0.046025812    0.056261943    
9.21           -0.39111111    1.2088889      0.48777778     0.36833333     0.049793443    0.056636774    
9.22           -0.51111111    1.4488889      0.50555556     0.40722222     0.055884092    0.065785598    
9.23           -0.43111111    1.3955556      0.49666667     0.38944444     0.056798102    0.061870711    
9.24           -0.38666667    1.1288889      0.48888889     0.36333333     0.045884531    0.053818609    
9.25           -0.40888889    1.2266667      0.46222222     0.35888889     0.049529948    0.062806273    
9.26           -0.42222222    1.2711111      0.48666667     0.37555556     0.050979363    0.059918407    
9.27           -0.51111111    1.2            0.52222222     0.4            0.043697603    0.054922956    
9.28           -0.45333333    1.1911111      0.48666667     0.37444444     0.045778835    0.059310345    
9.29           -0.53777778    1.3777778      0.51888889     0.41277778     0.050452891    0.061800688    
9.3            -0.51555556    1.28           0.51           0.39944444     0.046904959    0.059933094    
9.31           -0.43555556    1.2266667      0.48888889     0.37555556     0.047854392    0.058665181    
9.32           -0.46222222    1.2622222      0.49555556     0.38444444     0.048286616    0.059600487    
9.33           -0.42666667    1.2977778      0.49444444     0.38166667     0.051269267    0.058817302    
9.34           -0.51555556    1.3511111      0.51222222     0.405          0.04976471     0.061082824    
9.35           -0.35555556    1.2088889      0.46888889     0.35444444     0.049528171    0.057577606    
9.36           -0.36888889    1.1288889      0.47555556     0.35444444     0.045328817    0.054825367    
9.37           -0.48888889    1.28           0.50555556     0.39388889     0.04742708     0.059040542    
9.38           -0.43111111    1.3244444      0.50888889     0.39111111     0.05176316     0.056351049    
9.39           -0.40444444    1.1822222      0.47333333     0.36111111     0.046211757    0.058388356    
9.4            -0.41333333    1.1644444      0.49444444     0.37166667     0.044979629    0.054123982    
9.41           -0.44888889    1.1644444      0.49777778     0.37777778     0.043499215    0.055258262    
9.42           -0.39555556    1.1644444      0.48222222     0.36333333     0.045437058    0.055539304    
9.43           -0.42666667    1.28           0.49           0.37833333     0.049387992    0.05863556     
9.44           -0.39555556    1.1288889      0.49777778     0.36888889     0.043648767    0.051316175    
9.45           -0.44          1.2355556      0.48666667     0.37555556     0.046670835    0.058713698    
9.46           -0.42222222    1.3777778      0.47666667     0.37722222     0.053614246    0.063429645    
9.47           -0.42222222    1.2355556      0.50111111     0.38055556     0.047157598    0.054675062    
9.48           -0.46666667    1.2888889      0.49222222     0.385          0.047673588    0.060218263    
9.49           -0.39111111    0.96           0.45777778     0.33777778     0.035844157    0.054043112    
9.5            -0.41777778    1.28           0.48333333     0.37388889     0.048995534    0.059064327    
9.51           -0.39111111    1.2266667      0.48111111     0.36611111     0.04748773     0.056632265    
9.52           -0.49333333    1.36           0.49666667     0.395          0.049282458    0.062320261    
9.53           -0.54222222    1.4222222      0.51222222     0.41277778     0.049689765    0.063129558    
9.54           -0.48888889    1.3511111      0.53222222     0.41166667     0.048877232    0.053839066    
9.55           -0.35555556    1.1377778      0.44888889     0.34           0.044356592    0.058009954    
9.56           -0.39555556    1.2711111      0.48777778     0.37277778     0.048784463    0.056422852    
9.57           -0.40888889    1.28           0.49111111     0.37666667     0.04860233     0.056625514    
9.58           -0.36888889    1.0577778      0.46111111     0.34277778     0.040171494    0.054344184    
9.59           -0.37777778    1.2711111      0.45           0.35166667     0.049077672    0.062217588    
9.6            -0.39111111    1.2444444      0.48111111     0.36722222     0.047373114    0.0565643      
9.61           -0.48          1.3155556      0.50555556     0.395          0.047000796    0.058028545    
9.62           -0.35555556    1.28           0.45777778     0.35333333     0.049860618    0.059780806    
9.63           -0.45333333    1.0844444      0.49888889     0.37388889     0.037910835    0.051920567    
9.64           -0.42666667    1.1911111      0.48666667     0.37111111     0.043433596    0.05571231     
9.65           -0.35111111    1.1288889      0.46222222     0.34555556     0.043195141    0.054676134    
9.66           -0.44          1.36           0.51           0.395          0.049998071    0.055859213    
9.67           -0.40888889    1.3333333      0.48888889     0.37888889     0.049883731    0.057859997    
9.68           -0.45333333    1.2444444      0.50666667     0.38777778     0.04435034     0.05415978     
9.69           -0.54222222    1.44           0.53333333     0.42444444     0.048819709    0.057791538    
9.7            -0.39555556    1.2533333      0.49111111     0.37333333     0.046630636    0.054492045    
9.71           -0.36          1.1644444      0.46888889     0.35222222     0.043903243    0.054527469    
9.72           -0.43111111    1.2177778      0.49777778     0.37888889     0.043689181    0.053953158    
9.73           -0.46222222    1.28           0.51222222     0.39388889     0.045054102    0.054066715    
9.74           -0.31555556    1.2            0.44222222     0.33555556     0.046398336    0.057492838    
9.75           -0.33333333    1.1111111      0.46444444     0.34333333     0.042077581    0.052358848    
9.76           -0.36444444    1.1911111      0.47666667     0.35833333     0.044439136    0.053738616    
9.77           -0.39555556    1.2            0.47888889     0.36388889     0.043729873    0.05508877     
9.78           -0.42222222    1.1822222      0.47666667     0.365          0.041985046    0.056355374    
9.79           -0.46222222    1.28           0.51888889     0.39722222     0.044503548    0.05228868     
9.8            -0.43555556    1.2977778      0.49444444     0.38277778     0.046150318    0.056449987    
9.81           -0.38666667    1.1644444      0.44444444     0.34333333     0.04218514     0.059450548    
9.82           -0.40444444    1.3066667      0.48888889     0.37666667     0.04741524     0.056071007    
9.83           -0.44888889    1.2711111      0.51666667     0.39388889     0.044277018    0.051655929    
9.84           -0.34222222    1.2            0.46888889     0.35222222     0.04473544     0.053807086    
9.85           -0.38222222    1.3333333      0.47888889     0.37055556     0.048946976    0.057348624    
9.86           -0.41333333    1.3066667      0.50222222     0.38444444     0.046732232    0.053637843    
9.87           -0.47111111    1.2088889      0.48333333     0.37611111     0.040524517    0.05775076     
9.88           -0.51111111    1.3777778      0.49333333     0.39666667     0.045753217    0.062060279    
9.89           -0.45777778    1.2888889      0.48333333     0.37944444     0.04413885     0.058982137    
9.9            -0.48          1.3155556      0.52888889     0.40666667     0.044287544    0.051290186    
9.91           -0.38222222    1.0844444      0.49333333     0.36222222     0.038218869    0.047969503    
9.92           -0.40888889    1.2977778      0.48444444     0.37444444     0.045955859    0.056354042    
9.93           -0.31555556    1.0933333      0.45111111     0.33333333     0.040312724    0.052298932    
9.94           -0.47111111    1.3155556      0.51           0.39611111     0.04427409     0.054732841    
9.95           -0.38666667    1.0755556      0.46555556     0.34833333     0.037414992    0.052901048    
9.96           -0.35555556    1.1555556      0.44555556     0.33944444     0.041496742    0.056596262    
9.97           -0.34222222    1.2            0.46444444     0.35           0.043576424    0.053878178    
9.98           -0.45777778    1.2888889      0.49777778     0.38666667     0.043346348    0.05566491     
9.99           -0.38666667    1.2533333      0.50888889     0.38111111     0.044241327    0.04890619     
10             -0.42222222    1.1822222      0.49444444     0.37388889     0.040158025    0.051765432    
10.01          -0.44444444    1.28           0.50333333     0.38722222     0.043212298    0.053497613    
