Temperature    Energy         Energy2        Magnetization  Magnetization2 Heat Capacity  Susceptibility 
2.1            -1.6618697     2.7622394      0.86857567     0.75462768     0.97129115     0.97133449     
2.11           -1.6492398     2.7206043      0.84371439     0.72205053     1.3755979      48.324961      
2.12           -1.6418981     2.6962933      0.85694044     0.73459657     1.031928       1.1776246      
2.13           -1.6319943     2.6638886      0.85077975     0.72410472     1.0648433      1.307725       
2.14           -1.6202868     2.6258369      0.84276596     0.71057837     1.1080522      1.5136035      
2.15           -1.6097223     2.5917206      0.83593298     0.69916906     1.1138597      1.7912674      
2.16           -1.5985884     2.5560337      0.82794726     0.68593644     1.1767498      2.0360308      
2.17           -1.5854582     2.5142693      0.81787425     0.66947621     1.2562565      2.5710545      
2.18           -1.5727683     2.4742276      0.80711602     0.65219818     1.3205809      3.4949964      
2.19           -1.5598645     2.4338424      0.79658178     0.63535553     1.3868791      3.7122728      
2.2            -1.5464664     2.3922566      0.78580013     0.61851198     1.4427597      4.6824085      
2.21           -1.5321897     2.3483124      0.77069721     0.59523126     1.447581       5.6881062      
2.22           -1.5169454     2.3019125      0.7541594      0.57071947     1.6012582      8.8426299      
2.23           -1.4998765     2.2504352      0.73517968     0.54248214     1.6201873      8.9371549      
2.24           -1.4842092     2.2038412      0.70642562     0.50940812     1.9214523      46.298914      
2.25           -1.4664652     2.1514334      0.69096775     0.48099351     1.8041577      15.809236      
2.26           -1.4414007     2.0787158      0.6290252      0.40663943     2.1141064      48.525354      
2.27           -1.4177654     2.0112831      0.55000507     0.33091068     2.3763993      125.13261      
2.28           -1.3892531     1.9313566      0.44357235     0.23694051     2.5631055      176.24595      
2.29           -1.3731679     1.8868322      0.42646504     0.21645105     2.3687132      150.99833      
2.3            -1.3518209     1.8285148      0.36208798     0.16031947     2.0701967      127.00768      
2.31           -1.3295874     1.7687647      0.29302388     0.11121597     1.802955       109.75313      
2.32           -1.3112261     1.7202193      0.23769828     0.079900688    1.6822236      100.863        
2.33           -1.2955694     1.6792752      0.19858628     0.055426233    1.4277016      68.625424      
2.34           -1.2766926     1.6307155      0.14155865     0.032675024    1.4087758      54.000741      
2.35           -1.2650435     1.6010558      0.1418413      0.030985135    1.3053556      46.239074      
2.36           -1.2523857     1.5691714      0.13164026     0.025869843    1.2596246      36.189342      
2.37           -1.2392652     1.536474       0.12748731     0.024986436    1.2388629      36.84988       
2.38           -1.2263406     1.5045919      0.12150474     0.023013057    1.2015258      34.662415      
2.39           -1.215724      1.478663       0.10380141     0.016619858    1.187319       24.456587      
2.4            -1.2037646     1.4496985      0.10373187     0.016893413    1.127379       25.554633      
