Temperature    Energy         Energy2        Magnetization  Magnetization2 Heat Capacity  Susceptibility 
2.1            -1.6626344     2.766982       0.86929421     0.75682236     0.95376928     0.87614159     
2.11           -1.6524299     2.7332364      0.86352754     0.7469296      0.97460784     0.94770754     
2.12           -1.6406711     2.6947581      0.8555074      0.73356991     1.0524809      1.265652       
2.13           -1.6315422     2.6649675      0.84991276     0.72422485     1.0711773      1.4070547      
2.14           -1.6223383     2.6351393      0.84420903     0.71490748     1.103278       1.6587681      
2.15           -1.6082871     2.5900225      0.83085971     0.69520947     1.1889478      3.6328304      
2.16           -1.5982233     2.5578079      0.82700981     0.68697542     1.1969156      2.2445918      
2.17           -1.5857276     2.5180942      0.81872396     0.67335399     1.2104233      2.2452102      
2.18           -1.572085      2.4754196      0.80596381     0.65412353     1.3360072      3.336419       
2.19           -1.562228      2.444384       0.80173994     0.64639941     1.2768872      2.6392513      
2.2            -1.5455831     2.393272       0.78332714     0.62007675     1.4694061      4.7093386      
2.21           -1.5311292     2.3489753      0.76792094     0.59967374     1.5130233      7.2189402      
2.22           -1.5170052     2.3061328      0.7540039      0.57940405     1.5673838      7.842998       
2.23           -1.5017908     2.2606547      0.7385549      0.55754764     1.6985511      8.6703453      
2.24           -1.4842199     2.2082651      0.7182305      0.53138555     1.708073       11.093212      
2.25           -1.4677178     2.1598618      0.69638956     0.50341804     1.7908088      13.126846      
2.26           -1.4424965     2.0871498      0.64797481     0.44904265     1.9903409      20.652248      
2.27           -1.4342397     2.0632392      0.64939117     0.44936658     1.9237554      19.494408      
2.28           -1.402398      1.9734872      0.58377121     0.37815678     2.0827974      26.223124      
2.29           -1.3914395     1.9429192      0.57531329     0.36892485     2.0793701      26.507923      
2.3            -1.3685916     1.8795146      0.53089806     0.32290039     1.9574377      28.554881      
2.31           -1.3500388     1.8288767      0.49909453     0.29020882     1.8806039      28.476864      
2.32           -1.3281946     1.7702882      0.45118186     0.2488855      1.8392697      31.255468      
2.33           -1.3126521     1.7293015      0.43037207     0.23093621     1.840852       31.393025      
2.34           -1.2949134     1.6825887      0.39626583     0.19978366     1.6913091      29.235591      
2.35           -1.2780855     1.6392041      0.36977762     0.17789138     1.6518979      28.021029      
2.36           -1.2640139     1.6029191      0.33729449     0.15381412     1.490353       27.150202      
2.37           -1.2480891     1.5628759      0.31883346     0.13881569     1.4668219      25.087539      
2.38           -1.2330564     1.5251482      0.29398306     0.11868824     1.3332391      21.688876      
2.39           -1.2203146     1.4937187      0.27090258     0.10405903     1.2747823      20.532769      
2.4            -1.2066614     1.4602773      0.25369517     0.091798198    1.1793226      18.291307      
