Temperature    Energy         Energy2        Magnetization  Magnetization2 Heat Capacity  Susceptibility 
2.1            -1.6621874     2.7640316      0.8686222      0.7550563      0.95071946     0.94588385     
2.11           -1.6528492     2.7331402      0.86350248     0.74627022     0.99435837     1.081162       
2.12           -1.6428095     2.7001247      0.85706815     0.73533261     1.0426861      1.3021082      
2.13           -1.6324507     2.6662152      0.85166335     0.72605855     1.0473484      1.2305924      
2.14           -1.6205573     2.6275769      0.84365603     0.7125772      1.077705       1.3823024      
2.15           -1.6098813     2.5932069      0.8360203      0.69998846     1.159789       1.7724164      
2.16           -1.5975895     2.5538361      0.82714292     0.68543786     1.19127        2.1207532      
2.17           -1.5841369     2.5111048      0.8150274      0.66599342     1.2347078      2.8597107      
2.18           -1.5742485     2.4799281      0.81112088     0.65938557     1.2649532      2.4250329      
2.19           -1.5616303     2.4404776      0.80063401     0.64285822     1.3423484      3.0302679      
2.2            -1.5458347     2.3914837      0.78437027     0.61798261     1.397317       4.4932762      
2.21           -1.5328437     2.351587       0.77292686     0.60055325     1.4573737      5.1105741      
2.22           -1.5164573     2.3018028      0.75195752     0.57033294     1.5778745      7.9343275      
2.23           -1.4982177     2.2470449      0.73273814     0.54292045     1.7291882      9.7107465      
2.24           -1.4794486     2.191504       0.69381462     0.49797679     1.9628465      26.675472      
2.25           -1.4618441     2.1399493      0.66290365     0.46211963     2.1056613      36.285418      
2.26           -1.4461001     2.0940355      0.65790706     0.44811649     1.9947444      24.331526      
2.27           -1.4245484     2.032311       0.6096047      0.39594715     2.0770094      38.58386       
2.28           -1.4033646     1.9726427      0.56233143     0.34894007     2.2233821      51.668578      
2.29           -1.382451      1.9142535      0.52868671     0.31012034     2.1161671      48.12163       
2.3            -1.3526409     1.8327654      0.4312354      0.22600861     2.1287753      62.678576      
2.31           -1.3406614     1.8003283      0.42008689     0.21427492     1.9938673      58.912095      
2.32           -1.3129489     1.7264968      0.32082654     0.14066533     1.7804785      58.555339      
2.33           -1.2963825     1.6830635      0.29778491     0.12075389     1.6285754      49.562632      
2.34           -1.2795743     1.6395178      0.25439591     0.090980917    1.4513337      40.405599      
2.35           -1.2681756     1.6105202      0.25116797     0.090188729    1.4672968      41.520071      
2.36           -1.2530193     1.5722381      0.23301894     0.079077815    1.4095981      37.79998       
2.37           -1.2440494     1.5498022      0.22877258     0.075954456    1.373667       35.874779      
2.38           -1.2260572     1.5050824      0.18525374     0.05175102     1.1859705      26.367839      
2.39           -1.2173031     1.483731       0.19061923     0.052880168    1.2000913      24.920549      
2.4            -1.2041639     1.4518612      0.17664114     0.046394576    1.1565109      22.788727      
