Temperature    Energy         Energy2        Magnetization  Magnetization2 Heat Capacity  Susceptibility 
2.1            -1.6620835     2.7631791      0.86874787     0.75502952     0.95426809     0.93460001     
2.11           -1.6531162     2.7334611      0.86400876     0.74682434     0.9599951      0.95002467     
2.12           -1.6414928     2.6952258      0.85630698     0.73369212     1.0355946      1.2995438      
2.13           -1.633219      2.6681389      0.85267669     0.72743051     1.0362364      1.1206526      
2.14           -1.6208011     2.6277883      0.84314928     0.7114243      1.1070351      1.5658858      
2.15           -1.6103511     2.5940492      0.8365184      0.70033721     1.1334365      1.7091661      
2.16           -1.5979757     2.554397       0.82727112     0.68509082     1.1943266      2.1134927      
2.17           -1.5850988     2.5134678      0.81719302     0.66870853     1.2633463      2.6664874      
2.18           -1.5743649     2.4795673      0.81073022     0.65814755     1.2693523      2.5366859      
2.19           -1.5610834     2.4379774      0.79907918     0.63972776     1.3290906      3.5075081      
2.2            -1.5486158     2.3992112      0.79001495     0.62523304     1.3225834      3.2273966      
2.21           -1.5320878     2.3484044      0.76917617     0.59403032     1.4563923      6.9454252      
2.22           -1.5177627     2.3047399      0.75899752     0.57796917     1.4754233      5.4542358      
2.23           -1.5026834     2.2592726      0.74109045     0.551962       1.5637443      7.8835984      
2.24           -1.4784898     2.1876836      0.67040795     0.47863889     2.2341539      83.40591       
2.25           -1.4658462     2.1502265      0.68558451     0.47688915     1.9234862      19.521517      
2.26           -1.4447187     2.0888095      0.64567648     0.42961045     2.0015001      35.999537      
2.27           -1.4215234     2.0227372      0.57695695     0.36366397     2.4943591      86.793705      
2.28           -1.3983932     1.9572786      0.54456026     0.31927523     2.1854523      63.801697      
2.29           -1.37185       1.883869       0.43787448     0.229313       2.3144757      105.02413      
2.3            -1.3535482     1.8337903      0.40998123     0.20234322     2.0538218      95.328299      
2.31           -1.3324751     1.77703        0.33726651     0.14378167     1.8472431      83.208242      
2.32           -1.3127102     1.7247103      0.27661272     0.1064665      1.7862089      82.62595       
2.33           -1.2966946     1.6827858      0.24943982     0.087957097    1.6137841      70.693559      
2.34           -1.2843457     1.6508758      0.24748729     0.084571029    1.5567198      63.784123      
2.35           -1.2646465     1.6005091      0.18950847     0.052789118    1.3657042      45.959244      
2.36           -1.2495098     1.5623672      0.16342566     0.039914132    1.2554835      35.813385      
2.37           -1.239332      1.5370462      0.16008426     0.039737181    1.2559656      38.103526      
2.38           -1.2280349     1.5091231      0.14367602     0.030897251    1.1902346      27.574994      
2.39           -1.215459      1.4783561      0.13096154     0.026761428    1.1378891      25.73524       
2.4            -1.2040001     1.450623       0.12535895     0.023991526    1.1187328      22.071095      
